=== Role: P0 | Query 0 ===
User feature matrix u (10x8):
1 1 4 3 5 4 0 1 
0 2 5 1 2 4 2 1 
4 3 4 5 0 5 1 0 
1 1 0 3 5 0 4 5 
1 0 2 1 0 2 1 3 
2 0 5 2 3 3 0 1 
1 5 1 1 3 4 2 4 
5 2 5 1 3 3 0 0 
2 3 4 5 4 3 2 1 
2 2 4 4 3 2 3 0 
Item feature matrix v (12x8):
1 4 4 1 0 3 2 1 
5 2 0 5 2 4 1 1 
0 5 0 1 1 5 3 0 
3 3 5 1 2 3 2 0 
0 1 4 2 2 0 5 0 
2 0 0 5 2 1 4 3 
5 3 0 0 2 3 0 2 
3 0 1 1 3 5 0 3 
2 3 3 3 4 4 0 0 
0 0 1 2 2 2 5 3 
4 1 0 4 2 1 5 3 
1 5 3 1 4 2 1 4 
Random matrix r (12x8):
0 4 1 3 2 0 3 3 
2 2 5 5 4 3 1 2 
0 2 1 5 1 1 3 0 
0 3 4 0 1 2 4 0 
4 3 1 4 0 2 5 1 
3 5 2 1 2 4 0 5 
5 1 4 3 3 0 1 0 
2 2 1 5 1 3 2 5 
3 5 4 2 3 5 3 2 
0 3 2 2 5 0 3 3 
1 5 2 0 5 3 3 0 
0 3 2 5 5 1 4 1 
e_alpha: -10 -3 -6 0 -4 -9 -1 -7 -5 -2 -8 -7 
alpha: 9
shift: -3
e_j: 0 -4 -9 -1 -7 -5 -2 -8 -7 -10 -3 -6 
v_dash (after exchange) (12x8):
4 3 5 4 4 1 7 6 
6 5 4 5 8 5 1 3 
5 7 4 7 2 6 4 6 
7 5 3 6 8 4 6 5 
3 3 6 3 5 6 2 9 
5 3 3 7 6 7 3 7 
5 6 6 7 7 4 4 3 
4 5 3 5 3 5 9 5 
7 3 4 8 3 8 9 5 
1 5 5 8 7 6 1 4 
4 2 3 3 7 4 1 1 
4 8 9 4 5 7 3 4 
v_masked (12x8):
5 11 10 8 6 4 12 10 
13 9 9 15 14 12 3 6 
5 14 5 13 4 12 10 6 
10 11 12 7 11 9 12 5 
7 7 11 9 7 8 12 10 
10 8 5 13 10 12 7 15 
15 10 10 10 12 7 5 5 
9 7 5 11 7 13 11 13 
12 11 11 13 10 17 12 7 
1 8 8 12 14 8 9 10 
9 8 5 7 14 8 9 4 
5 16 14 10 14 10 8 9 
v_j_share (masked): -459 -615 -511 -712 -618 -682 -580 -557 
e_j_matrix (12x8):
0 0 0 0 0 0 0 0 
-4 -4 -4 -4 -4 -4 -4 -4 
-9 -9 -9 -9 -9 -9 -9 -9 
-1 -1 -1 -1 -1 -1 -1 -1 
-7 -7 -7 -7 -7 -7 -7 -7 
-5 -5 -5 -5 -5 -5 -5 -5 
-2 -2 -2 -2 -2 -2 -2 -2 
-8 -8 -8 -8 -8 -8 -8 -8 
-7 -7 -7 -7 -7 -7 -7 -7 
-10 -10 -10 -10 -10 -10 -10 -10 
-3 -3 -3 -3 -3 -3 -3 -3 
-6 -6 -6 -6 -6 -6 -6 -6 
x_n (12x8):
2 4 1 1 5 0 1 4 
2 2 5 3 0 5 3 0 
0 3 5 1 0 2 2 3 
3 2 5 5 3 3 5 2 
1 1 4 3 0 2 2 3 
3 5 2 0 2 0 2 3 
0 2 0 0 1 1 1 0 
0 0 4 0 1 1 5 0 
2 3 3 1 0 4 1 0 
4 0 1 3 4 0 4 0 
2 2 1 1 5 0 3 4 
0 4 3 5 1 1 2 5 
y_n (12x8):
2 5 1 0 1 3 0 1 
3 2 3 1 0 4 4 2 
5 5 1 3 1 4 1 0 
3 1 5 3 2 0 2 3 
1 0 4 2 1 2 2 1 
3 4 2 5 4 1 2 1 
1 4 2 5 5 5 5 1 
4 5 1 3 5 5 2 1 
0 4 2 0 3 0 4 1 
1 0 5 4 0 3 1 3 
0 2 4 1 1 2 5 0 
4 3 3 2 2 2 2 1 
gamma_n: 43
x_dash (after exchange) (12x8):
1 1 4 3 4 0 3 2 
6 7 7 5 6 5 6 7 
12 14 13 9 10 12 12 10 
6 6 2 5 3 2 4 6 
11 10 12 10 9 8 7 8 
10 6 5 10 9 9 10 6 
3 5 4 6 4 7 8 3 
12 13 13 10 12 9 11 12 
7 10 12 10 11 7 9 11 
10 12 10 13 15 10 15 10 
6 6 8 6 8 5 7 7 
9 7 8 9 9 11 7 10 
y_dash (after exchange) (12x8):
0 5 9 5 7 2 7 7 
8 3 5 2 8 5 0 4 
7 9 2 8 1 5 5 4 
8 4 5 6 5 3 5 1 
5 3 2 2 5 7 3 8 
8 4 8 7 9 3 7 3 
9 4 2 2 7 4 1 7 
2 0 4 6 2 4 6 1 
4 7 7 4 1 6 6 7 
4 3 2 7 4 8 2 6 
4 3 6 8 3 4 5 0 
4 10 10 1 9 5 2 3 
r_share: -610 -719 -626 -733 -593 -659 -614 -474 
v_j_share (unmasked): 151 104 115 21 -25 -23 34 -83 
x_k: 0 2 3 6 9 1 5 5 
y_k: 10 7 5 3 3 1 2 7 
gamma_k: 128
Inner product share: -3188
scaler_x: 1 6 2 6 7 2 3 10 
scaler_y: 9 7 2 6 6 7 7 5 
scaler_gamma: -2 35 0 60 -8 -2 8 44 
Final updated user feature vector (10x8):
1 1 4 3 5 4 0 1 
0 2 5 1 2 4 2 1 
4 3 4 5 0 5 1 0 
1 1 0 3 5 0 4 5 
1 0 2 1 0 2 1 3 
2 0 5 2 3 3 0 1 
1 5 1 1 3 4 2 4 
5 2 5 1 3 3 0 0 
221684 151970 167225 30884 -36503 -33518 49632 -121214 
2 2 4 4 3 2 3 0 
