=== Role: P1 | Query 0 ===
User feature matrix u (10x8):
3 0 4 4 0 2 0 5 
5 2 1 4 5 5 0 4 
1 2 5 4 1 0 3 5 
5 0 3 2 2 4 4 4 
1 3 4 3 1 0 5 3 
4 3 0 4 1 2 1 1 
2 5 0 3 3 0 4 5 
0 1 3 4 1 4 4 0 
5 0 2 1 2 3 2 5 
0 4 5 4 1 1 0 5 
Item feature matrix v (12x8):
4 0 1 0 0 1 3 3 
1 3 1 3 4 1 1 0 
0 2 2 3 1 4 3 2 
3 5 1 2 3 4 1 4 
1 1 4 3 4 2 1 5 
0 2 0 5 2 5 1 5 
1 5 4 5 3 3 3 0 
3 5 1 1 3 5 5 5 
4 0 2 4 3 4 4 0 
0 3 3 4 5 3 0 1 
0 1 1 0 4 0 1 1 
1 3 4 4 1 2 1 4 
Random matrix r (12x8):
0 3 4 4 4 0 4 3 
5 2 3 2 4 4 0 3 
5 5 2 4 1 2 1 4 
4 0 2 4 5 0 5 1 
2 2 2 0 1 4 1 4 
5 1 3 2 4 2 2 2 
4 1 2 2 4 1 1 3 
1 0 2 4 0 0 4 0 
3 3 2 4 0 4 5 5 
1 2 2 4 2 3 1 3 
4 1 2 3 3 4 0 0 
3 5 5 0 4 5 2 0 
e_alpha: 10 3 6 0 4 9 1 7 5 3 8 7 
alpha: 0
shift: -3
e_j: 0 4 9 1 7 5 3 8 7 10 3 6 
v_dash (after exchange) (12x8):
1 8 5 4 2 3 5 4 
7 4 5 10 6 7 2 3 
0 7 1 6 2 6 6 0 
3 6 9 1 3 5 6 0 
4 4 5 6 2 2 10 1 
5 5 2 6 4 5 4 8 
10 4 4 3 5 3 1 2 
5 2 2 6 4 8 2 8 
5 8 7 5 7 9 3 2 
0 3 3 4 7 2 8 6 
5 6 2 4 7 4 8 3 
1 8 5 6 9 3 5 5 
v_masked (12x8):
5 11 10 8 6 4 12 10 
13 9 9 15 14 12 3 6 
5 14 5 13 4 12 10 6 
10 11 12 7 11 9 12 5 
7 7 11 9 7 8 12 10 
10 8 5 13 10 12 7 15 
15 10 10 10 12 7 5 5 
9 7 5 11 7 13 11 13 
12 11 11 13 10 17 12 7 
1 8 8 12 14 8 9 10 
9 8 5 7 14 8 9 4 
5 16 14 10 14 10 8 9 
v_j_share (masked): 474 625 521 722 630 689 585 562 
e_j_matrix (12x8):
0 0 0 0 0 0 0 0 
4 4 4 4 4 4 4 4 
9 9 9 9 9 9 9 9 
1 1 1 1 1 1 1 1 
7 7 7 7 7 7 7 7 
5 5 5 5 5 5 5 5 
3 3 3 3 3 3 3 3 
8 8 8 8 8 8 8 8 
7 7 7 7 7 7 7 7 
10 10 10 10 10 10 10 10 
3 3 3 3 3 3 3 3 
6 6 6 6 6 6 6 6 
x_n (12x8):
1 1 4 3 4 0 3 2 
2 3 3 1 2 1 2 3 
3 5 4 0 1 3 3 1 
5 5 1 4 2 1 3 5 
4 3 5 3 2 1 0 1 
5 1 0 5 4 4 5 1 
0 2 1 3 1 4 5 0 
4 5 5 2 4 1 3 4 
0 3 5 3 4 0 2 4 
0 2 0 3 5 0 5 0 
3 3 5 3 5 2 4 4 
3 1 2 3 3 5 1 4 
y_n (12x8):
0 2 5 1 3 2 3 4 
3 1 2 0 4 1 0 1 
2 4 0 4 0 3 4 0 
4 4 3 2 0 3 0 0 
3 1 0 2 4 3 2 4 
3 3 5 5 5 1 5 1 
5 3 0 0 3 3 0 4 
1 0 2 2 2 4 2 1 
1 4 5 0 1 2 1 2 
3 1 0 3 2 5 1 3 
0 2 4 5 0 0 5 0 
1 5 5 1 5 0 0 3 
gamma_n: 86
x_dash (after exchange) (12x8):
2 4 1 1 5 0 1 4 
-2 -2 1 -1 -4 1 -1 -4 
-9 -6 -4 -8 -9 -7 -7 -6 
2 1 4 4 2 2 4 1 
-6 -6 -3 -4 -7 -5 -5 -4 
-2 0 -3 -5 -3 -5 -3 -2 
-2 0 -2 -2 -1 -1 -1 -2 
-8 -8 -4 -8 -7 -7 -3 -8 
-5 -4 -4 -6 -7 -3 -6 -7 
-6 -10 -9 -7 -6 -10 -6 -10 
-1 -1 -2 -2 2 -3 0 1 
-6 -2 -3 -1 -5 -5 -4 -1 
y_dash (after exchange) (12x8):
2 9 2 3 3 3 3 4 
5 4 8 6 4 7 5 4 
5 7 2 8 2 5 4 0 
3 4 9 3 3 2 6 3 
5 3 5 6 1 4 7 2 
6 9 4 6 6 5 2 6 
6 5 6 8 8 5 6 1 
6 7 2 8 6 8 4 6 
3 9 6 2 6 5 7 3 
1 3 7 6 5 3 4 6 
1 7 6 1 6 5 8 0 
4 6 5 7 7 3 6 2 
r_share: 619 663 594 741 611 687 597 523 
v_j_share (unmasked): -145 -38 -73 -19 19 2 -12 39 
x_k: 8 1 10 8 7 8 3 1 
y_k: 1 6 7 2 2 7 7 5 
gamma_k: 205
Inner product share: 1736
scaler_x: 9 10 10 3 10 9 0 10 
scaler_y: 7 6 0 10 0 1 4 5 
scaler_gamma: 90 71 20 18 68 67 4 56 
Final updated user feature vector (10x8):
3 0 4 4 0 2 0 5 
5 2 1 4 5 5 0 4 
1 2 5 4 1 0 3 5 
5 0 3 2 2 4 4 4 
1 3 4 3 1 0 5 3 
4 3 0 4 1 2 1 1 
2 5 0 3 3 0 4 5 
0 1 3 4 1 4 4 0 
-212959 -56069 -106193 -27972 27791 3011 -17662 57288 
0 4 5 4 1 1 0 5 
